# Histogram Data (Bin, Count)
0 8073
1 8074
2 8075
3 8076
4 8077
5 8078
6 8079
7 8080
8 8081
9 8082
10 8083
11 8084
12 8085
13 8086
14 8087
15 8088
16 8089
17 8090
18 8091
19 8092
20 8093
21 8094
22 8095
23 8096
24 8097
25 8098
26 8099
27 8100
28 8101
29 8102
30 8103
31 8104
32 8105
33 8106
34 8107
35 8108
36 8109
37 8110
38 8111
39 8112
40 8113
41 8114
42 8115
43 8116
44 8117
45 8118
46 8119
47 8120
48 8121
49 8122
50 8123
51 8124
52 8125
53 8126
54 8127
55 8128
56 8128
57 8128
58 8128
59 8128
60 8128
61 8128
62 8128
63 8128
64 8128
65 8128
66 8128
67 8128
68 8128
69 8128
70 8128
71 8128
72 8128
73 8128
74 8128
75 8128
76 8128
77 8128
78 8128
79 8128
80 8128
81 8128
82 8128
83 8128
84 8128
85 8128
86 8128
87 8128
88 8128
89 8128
90 8128
91 8128
92 8128
93 8128
94 8128
95 8128
96 8128
97 8128
98 8128
99 8128
100 8128
101 8128
102 8128
103 8128
104 8128
105 8128
106 8128
107 8128
108 8128
109 8128
110 8128
111 8128
112 8128
113 8128
114 8128
115 8128
116 8128
117 8128
118 8128
119 8128
120 8128
121 8128
122 8128
123 8128
124 8128
125 8128
126 8128
127 8128
128 8127
129 8126
130 8125
131 8124
132 8123
133 8122
134 8121
135 8120
136 8119
137 8118
138 8117
139 8116
140 8115
141 8114
142 8113
143 8112
144 8111
145 8110
146 8109
147 8108
148 8107
149 8106
150 8105
151 8104
152 8103
153 8102
154 8101
155 8100
156 8099
157 8098
158 8097
159 8096
160 8095
161 8094
162 8093
163 8092
164 8091
165 8090
166 8089
167 8088
168 8087
169 8086
170 8085
171 8084
172 8083
173 8082
174 8081
175 8080
176 8079
177 8078
178 8077
179 8076
180 8075
181 8074
182 8073
183 8072
184 8072
185 8072
186 8072
187 8072
188 8072
189 8072
190 8072
191 8072
192 8072
193 8072
194 8072
195 8072
196 8072
197 8072
198 8072
199 8072
200 8072
201 8072
202 8072
203 8072
204 8072
205 8072
206 8072
207 8072
208 8072
209 8072
210 8072
211 8072
212 8072
213 8072
214 8072
215 8072
216 8072
217 8072
218 8072
219 8072
220 8072
221 8072
222 8072
223 8072
224 8072
225 8072
226 8072
227 8072
228 8072
229 8072
230 8072
231 8072
232 8072
233 8072
234 8072
235 8072
236 8072
237 8072
238 8072
239 8072
240 8072
241 8072
242 8072
243 8072
244 8072
245 8072
246 8072
247 8072
248 8072
249 8072
250 8072
251 8072
252 8072
253 8072
254 8072
255 8072
