# Histogram Data (Bin, Count)
# Platform: OpenCL GPU
# Image size: 3840x2160
# Iterations: 1000
# Kernel: Local Memory (optimized)
# Total execution time: 211.772 ms (0.212 seconds)
# Throughput: 39166.66 MPixels/s
0 32400
1 32400
2 32400
3 32400
4 32400
5 32400
6 32400
7 32400
8 32400
9 32400
10 32400
11 32400
12 32400
13 32400
14 32400
15 32400
16 32400
17 32400
18 32400
19 32400
20 32400
21 32400
22 32400
23 32400
24 32400
25 32400
26 32400
27 32400
28 32400
29 32400
30 32400
31 32400
32 32400
33 32400
34 32400
35 32400
36 32400
37 32400
38 32400
39 32400
40 32400
41 32400
42 32400
43 32400
44 32400
45 32400
46 32400
47 32400
48 32400
49 32400
50 32400
51 32400
52 32400
53 32400
54 32400
55 32400
56 32400
57 32400
58 32400
59 32400
60 32400
61 32400
62 32400
63 32400
64 32400
65 32400
66 32400
67 32400
68 32400
69 32400
70 32400
71 32400
72 32400
73 32400
74 32400
75 32400
76 32400
77 32400
78 32400
79 32400
80 32400
81 32400
82 32400
83 32400
84 32400
85 32400
86 32400
87 32400
88 32400
89 32400
90 32400
91 32400
92 32400
93 32400
94 32400
95 32400
96 32400
97 32400
98 32400
99 32400
100 32400
101 32400
102 32400
103 32400
104 32400
105 32400
106 32400
107 32400
108 32400
109 32400
110 32400
111 32400
112 32400
113 32400
114 32400
115 32400
116 32400
117 32400
118 32400
119 32400
120 32400
121 32400
122 32400
123 32400
124 32400
125 32400
126 32400
127 32400
128 32400
129 32400
130 32400
131 32400
132 32400
133 32400
134 32400
135 32400
136 32400
137 32400
138 32400
139 32400
140 32400
141 32400
142 32400
143 32400
144 32400
145 32400
146 32400
147 32400
148 32400
149 32400
150 32400
151 32400
152 32400
153 32400
154 32400
155 32400
156 32400
157 32400
158 32400
159 32400
160 32400
161 32400
162 32400
163 32400
164 32400
165 32400
166 32400
167 32400
168 32400
169 32400
170 32400
171 32400
172 32400
173 32400
174 32400
175 32400
176 32400
177 32400
178 32400
179 32400
180 32400
181 32400
182 32400
183 32400
184 32400
185 32400
186 32400
187 32400
188 32400
189 32400
190 32400
191 32400
192 32400
193 32400
194 32400
195 32400
196 32400
197 32400
198 32400
199 32400
200 32400
201 32400
202 32400
203 32400
204 32400
205 32400
206 32400
207 32400
208 32400
209 32400
210 32400
211 32400
212 32400
213 32400
214 32400
215 32400
216 32400
217 32400
218 32400
219 32400
220 32400
221 32400
222 32400
223 32400
224 32400
225 32400
226 32400
227 32400
228 32400
229 32400
230 32400
231 32400
232 32400
233 32400
234 32400
235 32400
236 32400
237 32400
238 32400
239 32400
240 32400
241 32400
242 32400
243 32400
244 32400
245 32400
246 32400
247 32400
248 32400
249 32400
250 32400
251 32400
252 32400
253 32400
254 32400
255 32400
